0d4f463b
2e2b414c
253a0a14
1a150e23
631a2014
34411a1b
2e5d1400
0b131e19
32012431
2c351921
0b243559
39441809
2e085133
493b4e47
3432483f
16022848
21471e15
34362248
52636227
46364255
0d07452f
2739611d
313b4b1d
5d2c241a
43136347
19552b07
545e6206
00102c0d
4b0d3c0f
47392c48
4413023d
0f5a2852
095b3622
4d315e0d
5f5c485f
09103c54
1d153334
1e2f1933
121b4021
1104104f
30164119
473b2643
043e0e41
4e4b0108
30353c1e
00555113
402e0422
02144132
2a1e4b42
5a42555e
1c630b3b
4a0c434a
414f0512
11565951
545d4357
4220253c
3f411a05
533f333f
3f3e1659
4a29405c
15150a5a
3b63172c
2c5b1f3e
4b14175a
25015f48
412e2450
080a1523
04251b4d
3a254312
585a0e54
21612f09
11166307
172f4f28
5d434836
4e5e2952
1f440b2a
394e0c61
141a5136
17500f5c
0242634e
00000000
00000000
00000000
00000000
00000000
00000000
00000000
00000000
00000000
00000000
00000000
00000000
00000000
00000000
00000000
00000000
00000000
00000000
00000000
00000000
00000000
00000000
00000000
00000000
00000000
00000000
00000000
00000000
00000000
00000000
00000000
00000000
00000000
00000000
00000000
00000000
00000000
00000000
00000000
00000000
00000000
00000000
00000000
00000000
00000000
00000000
00000000
00000000
00000000
00000000
00000000
00000000
00000000
00000000
00000000
00000000
00000000
00000000
00000000
00000000
00000000
00000000
00000000
00000000
00000000
00000000
00000000
00000000
00000000
00000000
00000000
00000000
00000000
00000000
00000000
00000000
00000000
00000000
00000000
00000000
00000000
00000000
00000000
00000000
00000000
00000000
00000000
00000000
00000000
00000000
00000000
00000000
00000000
00000000
00000000
00000000
00000000
00000000
00000000
00000000
00000000
00000000
00000000
00000000
00000000
00000000
00000000
00000000
00000000
00000000
00000000
00000000
00000000
00000000
00000000
00000000
00000000
00000000
00000000
00000000
00000000
00000000
00000000
00000000
00000000
00000000
00000000
00000000
00000000
00000000
00000000
00000000
00000000
00000000
00000000
00000000
00000000
00000000
00000000
00000000
00000000
00000000
00000000
00000000
00000000
00000000
00000000
00000000
00000000
00000000
00000000
00000000
00000000
00000000
00000000
00000000
00000000
00000000
00000000
00000000
00000000
00000000
00000000
00000000
00000000
00000000
00000000
00000000
00000000
00000000
00000000
00000000
00000000
00000000
00000000
00000000
00000000
00000000
00000000
00000000
00000000
00000000
00000000
00000000
00000000
00000000
00000000
00000000
00000000
00000000
00000000
00000000
00000000
00000000
00000000
00000000
00000000
00000000
00000000
00000000
00000000
00000000
00000000
00000000
00000000
00000000
00000000
00000000
00000000
00000000
00000000
00000000
00000000
00000000
00000000
00000000
00000000
00000000
00000000
00000000
00000000
00000000
00000000