10001100
00000001
00000011
11101000

00000000
00000000
00010000
00100000

00000000
00000000
00011000
00100000

00100100
00000101
00000000
01010000

00000000
00000000
00110000
00100000

00010000
01100101
00000000
00001000

00100100
11000110
00000000
00000001

00100100
01100011
00000000
00000100

10001100
01101010
00000011
11101000

00000001
01000001
00100000
00101010

00010000
10000000
11111111
11111010

00000000
00001010
00001000
00100000

00000000
00000110
00010000
00100000

00001000
00000000
00000000
00000101

10101100
00000001
00000111
11010000

10101100
00000010
00000111
11010100


