00010011
00000000
00000000
00000000

11000000
11111111
11111111
11111111

01011001
11111101
11111111
11111111

11110011
00000110
00000000
00000000

01000101
00000000
00000000
00000000

11000101
11111001
11111111
11111111

10001110
00000110
00000000
00000000

01011100
00000111
00000000
00000000

01110111
11111101
11111111
11111111

00010010
00000000
00000000
00000000

01010001
00000001
00000000
00000000

00011100
11111001
11111111
11111111

10111101
00000110
00000000
00000000

10010111
00000011
00000000
00000000

11110110
00000010
00000000
00000000

10111000
11111101
11111111
11111111

01010010
00000000
00000000
00000000

01001100
11111000
11111111
11111111

10100001
11111010
11111111
11111111

10101011
00000010
00000000
00000000

10111110
00000101
00000000
00000000

00111011
00000110
00000000
00000000

00110101
11111100
11111111
11111111