11101000
00000011
00000001
10001100

00100000
00010000
00000000
00000000

00100000
00011000
00000000
00000000

01010000
00000000
00000101
00100100

00100000
00110000
00000000
00000000

00001000
00000000
01100101
00010000

00000001
00000000
11000110
00100100

00000100
00000000
01100011
00100100

11101000
00000011
01101010
10001100

00101010
00100000
01000001
00000001

11111010
11111111
10000000
00010000

00100000
00001000
00001010
00000000

00100000
00010000
00000110
00000000

00000101
00000000
00000000
00001000

11010000
00000111
00000001
10101100

11010100
00000111
00000010
10101100


