1c1e2220
2b251803
4044094a
58530937
5e080b1d
33250259
5e061536
1d275809
454a2940
3f12131b
261d351b
0c0e523a
4a2d274d
222a421c
00272251
1e4a5a33
0054103f
02232a5c
405f131c
3d352723
624e0c54
481e4049
16633634
1961041a
0b3a613b
60513e29
28513218
2f092c09
41074f3b
2d242933
45493c5b
37043942
0f36193f
5728041c
49363414
0f301d51
373d2834
61213742
3a0f3a0d
140f5057
15393209
31365916
3d5d5f1c
29180930
55013452
5607012c
173b0a5f
1a2a522f
63540801
5a611733
5a125053
5f295320
2b234351
2b441a12
1b240d05
1e2f3451
1f3d5215
0a061901
4c052447
62143829
37171732
5b014446
59214b13
204f000f
5c232503
5d0e3845
475c5d45
0c313f14
1826160f
272b2550
4c0c6309
2b334c24
560d274f
4f5f3132
575e4834
5f231813
492e560c
59175c12
572b4f1e
5e374221
15390c00
340d035c
3b4b2c36
0a444923
0e3b6338
222b4a15
56050420
3c464121
00000000
00000000
00000000
00000000
00000000
00000000
00000000
00000000
00000000
00000000
00000000
00000000
00000000
00000000
00000000
00000000
00000000
00000000
00000000
00000000
00000000
00000000
00000000
00000000
00000000
00000000
00000000
00000000
00000000
00000000
00000000
00000000
00000000
00000000
00000000
00000000
00000000
00000000
00000000
00000000
00000000
00000000
00000000
00000000
00000000
00000000
00000000
00000000
00000000
00000000
00000000
00000000
00000000
00000000
00000000
00000000
00000000
00000000
00000000
00000000
00000000
00000000
00000000
00000000
00000000
00000000
00000000
00000000
00000000
00000000
00000000
00000000
00000000
00000000
00000000
00000000
00000000
00000000
00000000
00000000
00000000
00000000
00000000
00000000
00000000
00000000
00000000
00000000
00000000
00000000
00000000
00000000
00000000
00000000
00000000
00000000
00000000
00000000
00000000
00000000
00000000
00000000
00000000
00000000
00000000
00000000
00000000
00000000
00000000
00000000
00000000
00000000
00000000
00000000
00000000
00000000
00000000
00000000
00000000
00000000
00000000
00000000
00000000
00000000
00000000
00000000
00000000
00000000
00000000
00000000
00000000
00000000
00000000
00000000
00000000
00000000
00000000
00000000
00000000
00000000
00000000
00000000
00000000
00000000
00000000
00000000
00000000
00000000
00000000
00000000
00000000
00000000
00000000
00000000
00000000
00000000
00000000
00000000
00000000
00000000
00000000
00000000
00000000
00000000
00000000
00000000
00000000
00000000
00000000
00000000
00000000
00000000
00000000
00000000
00000000
00000000
00000000
00000000
00000000
00000000
00000000
00000000
00000000
00000000
00000000
00000000
00000000
00000000
00000000
00000000
00000000
00000000
00000000
00000000
00000000
00000000
00000000
00000000
00000000
00000000
00000000
00000000
00000000
00000000
00000000
00000000
00000000
00000000
00000000
00000000
00000000
00000000
00000000
00000000
00000000
00000000
00000000
00000000